142
188
65
117
67
94
233
22
15
66
192
176
247
230
49
31
207
95
229
112
195
158
8
127
109
254
228
178
89
258
25
55
4
244
6
205
204
10
248
134
3
170
48
243
12
172
199
72
232
13
250
255
214
263
54
261
217
1
222
79
129
58
147
128
138
242
245
185
82
168
215
226
203
219
120
83
80
162
77
223
98
9
104
225
265
40
210
166
198
26
27
209
181
202
101
137
239
200
121
154
211
63
126
108
114
110
105
7
237
70
130
180
115
123
246
116
75
161
96
62
135
38
144
249
152
119
20
91
206
122
18
240
194
39
84
118
41
193
133
139
186
150
163
68
252
182
208
24
52
177
148
231
113
216
73
197
183
90
156
106
146
164
201
218
87
189
190
86
238
153
236
167
85
227
93
56
42
259
28
224
100
102
155
30
59
2
234
74
92
260
5
175
145
160
46
17
262
125
151
159
220
51
132
149
196
16
11
136
213
131
241
212
187
47
69
251
32
97
45
71
21
60
165
29
88
43
143
264
35
235
173
191
23
140
36
61
14
34
124
169
111
141
256
64
81
19
221
78
44
174
253
76
171
33
37
107
50
53
179
157
184
257
57
99