237
69
212
253
161
168
132
134
197
158
235
265
89
121
120
70
58
142
178
36
90
82
189
80
78
25
125
22
29
164
141
207
165
42
139
173
226
167
238
140
105
179
193
229
129
250
106
73
68
87
143
3
206
180
177
147
192
190
251
99
72
27
163
20
38
54
35
185
159
117
8
86
245
53
231
116
98
175
240
57
115
170
15
228
2
46
12
126
213
136
246
61
16
242
148
183
33
81
153
55
135
123
97
13
17
186
260
200
48
157
49
95
19
152
91
75
130
64
162
149
122
217
62
83
109
166
47
215
174
138
5
210
220
151
128
104
257
208
119
1
198
150
204
236
263
239
32
71
85
23
194
224
264
39
191
155
202
67
241
11
182
254
59
201
107
137
34
114
18
113
188
249
196
214
247
63
118
4
244
66
41
233
248
211
79
252
101
84
6
111
28
65
172
88
219
7
96
145
127
108
181
205
256
14
230
146
243
223
171
77
94
30
21
52
37
232
227
60
44
234
10
45
93
50
255
76
221
24
259
56
40
31
9
144
262
216
209
203
160
26
112
92
261
156
195
187
102
131
124
133
218
154
184
74
222
199
169
100
43
258
176
225
51